[Camera]
Position = -2.25612 7.13965 11.6335
CenterP = -0.0204659 1.02307 -0.428997
Yaw = -79.500000
Pitch = -26.500000
