[Camera]
Position = 2.45279 0.483388 0.714447
CenterP = -0.0254562 0.0854142 0.299731
Yaw = -170.500000
Pitch = -9.000000
