[Camera]
Position = -1.81102 1.24814 1.23043
CenterP = 0.0660433 0.173 -0.10847
Yaw = -35.500000
Pitch = -25.000000
