[Camera]
Position = 0.41251 5.36112 2.76017
CenterP = 0 0 0
Yaw = -98.500000
Pitch = -62.500000
