[Camera]
Position = -3.54899 1.83334 -0.870384
CenterP = -0.1049 0.124268 0.383163
Yaw = 20.000000
Pitch = -25.000000
