[Camera]
Position = 3.50231e-07 5.10443 8.01236
CenterP = 0 0 0
Yaw = -90.000000
Pitch = -32.500000
