[Camera]
Position = -3.33418 2.77419 6.12219
CenterP = 0.156652 0.19398 -0.0478345
Yaw = -60.500000
Pitch = -20.000000
