[Camera]
Position = -0.219407 0.30071 -0.928149
CenterP = 0 0 0
Yaw = -283.300140
Pitch = -17.500006
