[Camera]
Position = -0.917638 4.43512 3.19842
CenterP = 0.0578603 0.00743529 0.00770743
Yaw = -73.000000
Pitch = -53.000000
