[Camera]
Position = 2.4923 0.246343 0.705849
CenterP = 0.0140489 -0.151631 0.291133
Yaw = -170.500000
Pitch = -9.000000
