[Camera]
Position = -1.61326 2.2107 4.82152
CenterP = 0 0 0
Yaw = -791.500000
Pitch = -23.500000
