[Camera]
Position = -0.940018 1.40296 1.92218
CenterP = 0.0343936 0.327814 -0.167452
Yaw = -65.000000
Pitch = -25.000000
